function eps_eps_e = eps_eps_e(Sx,e)
%EPS_EPS_E
%    EPS_EPS_E = EPS_EPS_E(SX,E)

%    This function was generated by the Symbolic Math Toolbox version 5.10.
%    17-Dec-2013 16:30:28

t2 = Sx(1);
t3 = e(1);
t4 = t2.*t3;
t5 = Sx(2);
t6 = e(4);
t7 = t5.*t6;
t8 = Sx(3);
t9 = e(7);
t10 = t8.*t9;
t11 = Sx(4);
t12 = e(10);
t13 = t11.*t12;
t14 = t4+t7+t10+t13;
t17 = e(2);
t18 = t2.*t17;
t19 = e(5);
t20 = t5.*t19;
t21 = e(8);
t22 = t8.*t21;
t23 = e(11);
t24 = t11.*t23;
t15 = t18+t20+t22+t24;
t29 = e(3);
t30 = t2.*t29;
t31 = e(6);
t32 = t5.*t31;
t33 = e(9);
t34 = t8.*t33;
t35 = e(12);
t36 = t11.*t35;
t16 = t30+t32+t34+t36;
t25 = t14.^2;
t26 = t25.*(1.0./2.0);
t27 = t15.^2;
t28 = t27.*(1.0./2.0);
t37 = t16.^2;
t38 = t37.*(1.0./2.0);
t39 = t26+t28+t38-1.0./2.0;
eps_eps_e = [t2.*t14.*t39;t2.*t15.*t39;t2.*t16.*t39;t5.*t14.*t39;t5.*t15.*t39;t5.*t16.*t39;t8.*t14.*t39;t8.*t15.*t39;t8.*t16.*t39;t11.*t14.*t39;t11.*t15.*t39;t11.*t16.*t39];
